#!/usr/bin/env python3
import json
from difflib import get_close_matches
import numpy as np
from analyze import *

#create response graph
#nodes are responses
#edges are relatedness based on features
    #summed difference between feature scores, weighted by coming-to-mindness?

#animals we have data for
#a = get_animals()
#animals = []
animals = get_animals()
#for i in range(20):
#    animals.append(a[i])

#ratings gives each animals score for each feature
data, ratings = create_dict()
#generation count for each animal
genCounts, genList = generations()
#probability of animal generation (percent of all responses)
probs = genProbs(genCounts)
#correlation between descriptors' scores for each animal and that animal's coming to mind
corrs = genDescriptorCorrelation(probs, ratings)

resMap = {}
m = 0
#for each animal, make list of all other animals, and 
for a in animals:
    resMap[a] = {}
    for a2 in animals:
        #summed difference of the two animals between ratings for each descriptor, weighted by correlation of descriptor with coming-to-mindness
        resMap[a][a2] = sum([(abs(ratings[d][a] - ratings[d][a2]) * corrs[d]) for d in ratings.keys()])
        m = max(m, resMap[a][a2])
print(resMap)

#print(animals)
#print("  ")
#mapList = []
#for a in animals:
#    for a2 in animals:
#        mapList.append(1-(resMap[a][a2]/m))
#print(mapList)

#library("qgraph")
#resNames <- c('leopard', 'chimp', 'beetle', 'llama', 'hyena', 'mouse', 'horse', 'goat', 'zebra', 'antelope', 'sea lion', 'fox', 'deer', 'tarantula', 'bat', 'meerkat', 'buffalo', 'giraffe', 'bull', 'whale')
#numRes <- length(resNames)
#data <- c(1.0, 0.5203661724231889, 0.0030636120338650707, 0.5781700016880151, 0.7033000893093168, 0.07172853773327881, 0.6747034451611702, 0.5111936183620202, 0.7315853265524772, 0.4648649277219873, 0.7399957191498133, 0.5853868111074039, 0.5095757950696551, 0.5200799514967616, 0.36760847697068855, 0.512669124583943, 0.8276068184421975, 0.7608206225459159, 0.8430062405014384, 0.8078840918277705, 0.5203661724231889, 1.0, 0.48256025963662574, 0.7551720259331334, 0.7937965929903364, 0.5170963273849101, 0.7477289436549415, 0.8142384864571344, 0.7564801438757569, 0.8019778711008008, 0.6698166690647124, 0.7151363241103856, 0.6933446625747908, 0.7975045649336714, 0.7956310654888191, 0.8245212747671198, 0.6541331922032223, 0.609080440251848, 0.7429981674508369, 0.5123881089981831, 0.0030636120338650707, 0.48256025963662574, 1.0, 0.4425139363916055, 0.3445797085756963, 0.9668202585580704, 0.34713773051543206, 0.5067694465391817, 0.3255305587982441, 0.5734433421574301, 0.2156887759162205, 0.4038289734586731, 0.4680976661781434, 0.5257424745656574, 0.7309580105666236, 0.49092598429406675, 0.18834438258756614, 0.21439980479212717, 0.24813161565148179, 0.0, 0.5781700016880151, 0.7551720259331334, 0.4425139363916055, 1.0, 0.6506460267258464, 0.5035890795597648, 0.8472759206861258, 0.872306052069288, 0.7968875981370339, 0.8843368369849067, 0.7570943599716925, 0.6399092615919534, 0.9458297048796805, 0.5459058293537119, 0.6124260452766508, 0.7212306054406628, 0.7132608295196841, 0.770249561292746, 0.7502478055024778, 0.5440245754963257, 0.7033000893093168, 0.7937965929903364, 0.3445797085756963, 0.6506460267258464, 1.0, 0.4141165856068607, 0.7257212634344751, 0.7436304156129899, 0.7135368912207005, 0.7131374101886507, 0.6586975797957397, 0.6717192437893795, 0.6172895337919648, 0.7093791115737209, 0.6261466089099226, 0.7066695112031725, 0.8584347174512565, 0.5161074555472689, 0.8342805953770973, 0.6013067175808302, 0.07172853773327881, 0.5170963273849101, 0.9668202585580704, 0.5035890795597648, 0.4141165856068607, 1.0, 0.39528874671211156, 0.5269367312000495, 0.3866813095074939, 0.5959373187052097, 0.27204937361189574, 0.46182717637071746, 0.49788010019127293, 0.5646887519956116, 0.818373816288039, 0.5621253711618572, 0.1883265199309475, 0.24973232397650902, 0.30086892533496734, 0.04076521011420997, 0.6747034451611702, 0.7477289436549415, 0.34713773051543206, 0.8472759206861258, 0.7257212634344751, 0.39528874671211156, 1.0, 0.8448527479874728, 0.8874004704507824, 0.7629781975358911, 0.8604450683483114, 0.7609699251807976, 0.8545894726593655, 0.6249234559042035, 0.6277379812321506, 0.7639792188017694, 0.769051752474796, 0.8213696119825805, 0.8395997114763899, 0.6314602069709773, 0.5111936183620202, 0.8142384864571344, 0.5067694465391817, 0.872306052069288, 0.7436304156129899, 0.5269367312000495, 0.8448527479874728, 1.0, 0.8297098849583953, 0.9386999857255233, 0.7185366067886719, 0.7626399338950787, 0.8653662991287111, 0.704694338387533, 0.725876693433235, 0.8472134345525185, 0.6117500761928172, 0.7153707376927484, 0.7148648803287663, 0.4909386823911096, 0.7315853265524772, 0.7564801438757569, 0.3255305587982441, 0.7968875981370339, 0.7135368912207005, 0.3866813095074939, 0.8874004704507824, 0.8297098849583953, 1.0, 0.7715043108488766, 0.9335301094051879, 0.8395902565830446, 0.8000478607925671, 0.6769644350984108, 0.6275781441014676, 0.8188759280893148, 0.7711239159974392, 0.7948983455179963, 0.7695409505531214, 0.6984989097364516, 0.4648649277219873, 0.8019778711008008, 0.5734433421574301, 0.8843368369849067, 0.7131374101886507, 0.5959373187052097, 0.7629781975358911, 0.9386999857255233, 0.7715043108488766, 1.0, 0.696327666180638, 0.6927230348315364, 0.8866378983111947, 0.6548480764829251, 0.7243881468447773, 0.8364291008940796, 0.5902807409913797, 0.6621386622688685, 0.6587568627996565, 0.459670752299139, 0.7399957191498133, 0.6698166690647124, 0.2156887759162205, 0.7570943599716925, 0.6586975797957397, 0.27204937361189574, 0.8604450683483114, 0.7185366067886719, 0.9335301094051879, 0.696327666180638, 1.0, 0.7503134289909265, 0.7234050377147756, 0.5965886609547312, 0.5062711697545275, 0.7291531123421287, 0.7438288578390939, 0.9037495934225369, 0.8272386278786164, 0.7801201340235568, 0.5853868111074039, 0.7151363241103856, 0.4038289734586731, 0.6399092615919534, 0.6717192437893795, 0.46182717637071746, 0.7609699251807976, 0.7626399338950787, 0.8395902565830446, 0.6927230348315364, 0.7503134289909265, 1.0, 0.6339883775275189, 0.7524176560272905, 0.6696956039923239, 0.8522072410038972, 0.5576707456866644, 0.740345778090036, 0.6456917271912376, 0.5399743694069435, 0.5095757950696551, 0.6933446625747908, 0.4680976661781434, 0.9458297048796805, 0.6172895337919648, 0.49788010019127293, 0.8545894726593655, 0.8653662991287111, 0.8000478607925671, 0.8866378983111947, 0.7234050377147756, 0.6339883775275189, 1.0, 0.5502370137749889, 0.5931212588884233, 0.704570924730274, 0.6253675449271214, 0.7173433178926809, 0.7305550129977907, 0.4723330408980039, 0.5200799514967616, 0.7975045649336714, 0.5257424745656574, 0.5459058293537119, 0.7093791115737209, 0.5646887519956116, 0.6249234559042035, 0.704694338387533, 0.6769644350984108, 0.6548480764829251, 0.5965886609547312, 0.7524176560272905, 0.5502370137749889, 1.0, 0.8105512757453704, 0.8171731115126265, 0.6327297503250849, 0.46963681024592063, 0.6162808809813899, 0.5111821155452929, 0.36760847697068855, 0.7956310654888191, 0.7309580105666236, 0.6124260452766508, 0.6261466089099226, 0.818373816288039, 0.6277379812321506, 0.725876693433235, 0.6275781441014676, 0.7243881468447773, 0.5062711697545275, 0.6696956039923239, 0.5931212588884233, 0.8105512757453704, 1.0, 0.727870261781911, 0.5413411848947487, 0.3788189919662813, 0.5543138087114585, 0.3398596775073237, 0.512669124583943, 0.8245212747671198, 0.49092598429406675, 0.7212306054406628, 0.7066695112031725, 0.5621253711618572, 0.7639792188017694, 0.8472134345525185, 0.8188759280893148, 0.8364291008940796, 0.7291531123421287, 0.8522072410038972, 0.704570924730274, 0.8171731115126265, 0.727870261781911, 1.0, 0.6538214847923949, 0.6330594981859078, 0.6216211514878159, 0.49564081791432246, 0.8276068184421975, 0.6541331922032223, 0.18834438258756614, 0.7132608295196841, 0.8584347174512565, 0.1883265199309475, 0.769051752474796, 0.6117500761928172, 0.7711239159974392, 0.5902807409913797, 0.7438288578390939, 0.5576707456866644, 0.6253675449271214, 0.6327297503250849, 0.5413411848947487, 0.6538214847923949, 1.0, 0.7606153891699932, 0.9492961720283019, 0.7502383619336088, 0.7608206225459159, 0.609080440251848, 0.21439980479212717, 0.770249561292746, 0.5161074555472689, 0.24973232397650902, 0.8213696119825805, 0.7153707376927484, 0.7948983455179963, 0.6621386622688685, 0.9037495934225369, 0.740345778090036, 0.7173433178926809, 0.46963681024592063, 0.3788189919662813, 0.6330594981859078, 0.7606153891699932, 1.0, 0.6856757433099465, 0.8516729897243523, 0.8430062405014384, 0.7429981674508369, 0.24813161565148179, 0.7502478055024778, 0.8342805953770973, 0.30086892533496734, 0.8395997114763899, 0.7148648803287663, 0.7695409505531214, 0.6587568627996565, 0.8272386278786164, 0.6456917271912376, 0.7305550129977907, 0.6162808809813899, 0.5543138087114585, 0.6216211514878159, 0.9492961720283019, 0.6856757433099465, 1.0, 0.7537869961359873, 0.8078840918277705, 0.5123881089981831, 0.0, 0.5440245754963257, 0.6013067175808302, 0.04076521011420997, 0.6314602069709773, 0.4909386823911096, 0.6984989097364516, 0.459670752299139, 0.7801201340235568, 0.5399743694069435, 0.4723330408980039, 0.5111821155452929, 0.3398596775073237, 0.49564081791432246, 0.7502383619336088, 0.8516729897243523, 0.7537869961359873, 1.0)
#adj <- matrix(data, nrow=numRes, ncol=numRes, byrow=TRUE, dimnames=list(resNames, resNames))
#qgraph(adj)

#resNames <- c('leopard', 'chimp', 'beetle', 'llama', 'hyena', 'mouse', 'horse', 'goat', 'zebra', 'antelope', 'sea lion', 'fox', 'deer', 'tarantula', 'bat', 'meerkat', 'buffalo', 'giraffe', 'bull', 'whale', 'rabbit', 'lion', 'hippo', 'baboon', 'bird', 'monkey', 'snake', 'tiger', 'panther', 'kangaroo', 'owl', 'elephant', 'otter', 'rhino', 'cheetah', 'gazelle', 'alligator', 'penguin', 'panda', 'parrot', 'eagle', 'polar bear', 'koala', 'ostrich', 'crocodile', 'dolphin', 'lemur', 'turtle', 'gorilla', 'wolf', 'shark', 'cow', 'peacock', 'jaguar', 'camel', 'platypus', 'flamingo', 'duck', 'sloth', 'seal', 'grizzly bear', 'lizard', 'fish')

#data <- c(1.0, 0.5828097154657735, 0.13285479162432623, 0.6330880623872044, 0.7419274599798679, 0.19258022849516987, 0.717053813829506, 0.5748313365052701, 0.7665302412999624, 0.5345341795514724, 0.7738456846214936, 0.6393653151621288, 0.573424137678036, 0.5825607576507271, 0.4499395491712258, 0.5761147465259226, 0.8500506921515197, 0.7919593931918643, 0.8634452629702938, 0.8328956679330791, 0.3234869882589423, 0.9144309449673719, 0.8519428358300074, 0.6334231391292047, 0.4229635785327832, 0.6562573740358555, 0.6454928854626725, 0.8626197753348822, 0.8924787091416093, 0.7029064645375687, 0.7199890638492896, 0.7824657823727081, 0.5341484445152043, 0.8283084985518137, 0.8562184392115578, 0.5433848995646725, 0.8544691834499101, 0.4987676495721386, 0.6964279329569596, 0.5218579636276783, 0.8405606069326592, 0.8980681560774152, 0.528684504964909, 0.7958876417975352, 0.865053967011474, 0.6350398326392317, 0.5374568221784796, 0.4898680239122164, 0.8828238426015278, 0.7746858199263515, 0.8979274640609687, 0.5738786010370318, 0.6150903789592346, 0.8477735680828579, 0.6598131359409788, 0.7606791679920555, 0.5935616512801609, 0.3312993146073885, 0.5366236567897582, 0.5841687198142858, 0.7859581463135901, 0.397587409176675, 0.3753909609135283, 0.5828097154657735, 1.0, 0.5499257556496229, 0.7870461875491109, 0.8206422210107527, 0.5799655716554958, 0.7805721203859618, 0.8384227837265175, 0.7881840015757916, 0.8277583782676377, 0.7128032472661837, 0.7522227350012718, 0.7332681305638846, 0.8238674519705875, 0.8222378634771708, 0.8473668555041924, 0.6991616027487666, 0.6599742699857667, 0.7764572440841186, 0.575870316368079, 0.6907348644872466, 0.6092373274462916, 0.7056134519412671, 0.8337999446752953, 0.6958248319479152, 0.8791549673066407, 0.7946110201128261, 0.47006783203842484, 0.6995887325674919, 0.799725876808566, 0.7669843094960245, 0.6825747245472759, 0.7430118838591979, 0.5935462007059962, 0.6633407069842241, 0.9439934040221359, 0.6682419129827722, 0.7078344515189122, 0.801227552774682, 0.7364412865600278, 0.692548289044358, 0.5766685702191146, 0.7850040063403153, 0.7730778710507082, 0.5945717070951907, 0.5989551470614739, 0.8680121966194003, 0.7907527915078998, 0.5787392375812525, 0.7443682822504528, 0.5612323356831559, 0.6830062466007377, 0.8105553499957481, 0.624520753624421, 0.7871107431707058, 0.7645483831428705, 0.7860868279682209, 0.7211469946138513, 0.8988443575495518, 0.8054830829142132, 0.7305442362751116, 0.7713875181195486, 0.7643831643704166, 0.13285479162432623, 0.5499257556496229, 1.0, 0.5150930644828096, 0.4299088968552336, 0.971139930136154, 0.4321338898384741, 0.5709831477506878, 0.41333975648425414, 0.6289767668090264, 0.3177982787577701, 0.4814444980863922, 0.5373460476867168, 0.587486076663836, 0.7659845956019653, 0.5572023463517535, 
#0.2940138528534687, 0.31667711882471516, 0.3460173841712314, 0.130190031337155, 0.8389269091970498, 0.16247479335808301, 0.22147856775937924, 0.4888375738937457, 0.7429649931206321, 0.44872893978948736, 0.5440390002117081, 0.0, 0.24377679095041227, 0.4425948613265197, 0.46030615392284935, 0.2524861275178073, 0.5467622613719676, 0.18654239784136695, 0.25831291818001745, 0.6211263450050609, 0.2687016711007668, 0.6834742728432214, 0.4634717771852708, 0.6489951831662648, 0.37111232019235696, 0.11346083386671035, 0.5989353051397848, 0.44197748327025266, 0.2046088338580695, 0.3390831356233225, 0.636141247312394, 0.6339301184212358, 0.14354398339305152, 0.34230318354392986, 0.15678135286513806, 0.5954241205773576, 0.5894896003676173, 0.1534021640673897, 0.5116953050725794, 0.37867493731595125, 0.5707317369276257, 0.8532680056347143, 0.6601026537769987, 0.521251881348763, 0.30067965390925866, 0.7451794733127701, 0.8381384271409481, 0.6330880623872044, 0.7870461875491109, 0.5150930644828096, 1.0, 0.696128431454168, 0.568216832847985, 0.8671590733579373, 0.8889305311519524, 0.8233308081005383, 0.8993950278023962, 0.7887182528589496, 0.6867894861095163, 0.9528821372989378, 0.6050243636601715, 0.6628843105875488, 0.7575236016541826, 0.7505914111101062, 0.8001607781077684, 0.7827630515306334, 0.6033880303014316, 0.6766707824376845, 0.5774511685496059, 0.7112362765829974, 0.8532984025763255, 0.6935244364216666, 0.6992521477513176, 0.5961482567061095, 0.48915109064550477, 0.5683752685550862, 0.7684750284617119, 0.6690258727272904, 0.7347127592396858, 0.6861126646241507, 0.6297901778296846, 0.582759134397868, 0.8693114527499954, 0.6268989459978216, 0.6491445545339681, 0.9079134915789931, 0.6879326631886682, 0.6926735834232916, 0.5987293138209322, 0.6969836670471636, 0.8470501524204218, 0.5749580562658106, 0.7372531338176886, 0.8175109757112919, 0.711313810786957, 0.6458466708292687, 0.6243739647603403, 0.5651030742067022, 0.9283771220266184, 0.785232380329652, 0.5106810820007599, 0.9687806228164786, 0.6343456805836196, 0.8139547707792354, 0.7256261578455157, 0.7782901742419734, 0.8429948445739024, 0.7619241643085473, 0.653719230281617, 0.7365823404636895, 0.7419274599798679, 0.8206422210107527, 0.4299088968552336, 0.696128431454168, 1.0, 0.49039276568662293, 0.761429620743056, 0.7770071798382281, 0.7508315323296164, 0.7504840597456477, 0.7031317525775793, 0.7144581257278252, 0.667114621380646, 0.7472150541451699, 0.6748185936114414, 0.7448582167317744, 0.8768651060225306, 0.5791054410733856, 0.8558556098581277, 0.6532126085128951, 0.5297730736287425, 0.7596809466080893, 0.8080109798350215, 0.7406048498250254, 0.5938951051942869, 0.8276804292382206, 0.8187699130727099, 0.6043217037226398, 0.7907431456656854, 0.8113356385131869, 0.7015602437260131, 0.6023924271498811, 0.6624343975311937, 0.7155474130752402, 0.8573193238121193, 0.7341074234549803, 0.7446680344614885, 0.6063767812010779, 0.728161388280633, 0.6228438176693263, 0.7554052623203404, 0.691409650049227, 0.6331865476842875, 0.7271862081080809, 0.6712299900842745, 0.6031291125691605, 0.6570042310690449, 0.580915667477923, 0.7144409322208134, 0.9334043457948077, 0.6918602701427998, 0.6285564008976424, 0.734120436928315, 0.7713727629127752, 0.6852850006567053, 0.6664011855719494, 0.7705039521984943, 0.5767529241428287, 0.6262536750528416, 0.7239318791545812, 0.8176879114364921, 0.6188476306762722, 0.6722116311396615, 0.19258022849516987, 0.5799655716554958, 0.971139930136154, 0.568216832847985, 0.49039276568662293, 1.0, 0.47401612372759194, 0.588524852989572, 0.4665292890423761, 0.6485422518451534, 0.36682128847326456, 0.5318919131438189, 0.5632511056823801, 0.621361937014719, 0.8420197348371471, 0.6191322828120402, 0.293998315736675, 0.34740969622926177, 0.3918888218543868, 0.16564801746913027, 0.8165010353610509, 0.22825137666268414, 0.27747484684500634, 0.5328669931561938, 0.715300057515126, 0.5265052217976338, 0.5219960909547247, 0.058792140965570505, 0.31574080120642123, 0.4817238804611793, 0.4519979221479299, 0.3006121460194727, 0.6325690421967975, 0.20217291664022896, 0.27733913561136514, 0.6861716648352799, 0.2650428472641364, 0.6682689175411233, 0.5041895080282452, 0.6434852680670946, 0.3414013736460253, 0.1619170290678157, 0.6457416587767727, 0.42814838959556445, 0.19380031679589416, 0.39381003226345157, 0.7125174394000429, 0.5891105811403672, 0.1613824830481877, 0.3781859570989886, 0.15963360278652272, 0.5968009091007649, 0.5740034770954687, 0.21436781308361763, 0.5605700392939852, 0.44317168135304497, 0.5836283491145828, 0.781878806167319, 0.7111723269574359, 0.5790999527617211, 0.3782481474775047, 0.7281183933188679, 0.7865890343103229, 0.717053813829506, 0.7805721203859618, 0.4321338898384741, 0.8671590733579373, 0.761429620743056, 0.47401612372759194, 1.0, 0.8650513735888572, 0.9020598067313439, 0.7938360734262825, 0.8786137292732992, 0.7920892581120321, 0.8735204737705948, 0.673754682933867, 0.6762027851211694, 0.7947067717021868, 0.7991189120573633, 0.8446255077963365, 0.8604822300657674, 0.6794404141744144, 0.590543711179607, 0.6998690134611452, 0.8043067267878675, 0.8222509563481128, 0.6939603349604424, 0.7752341402825691, 0.6772110145049421, 0.5785949319813919, 0.6755232123300574, 0.8664458535470684, 0.7596237179060212, 0.8050586762324635, 0.7043154987017569, 0.6789556717675043, 0.6564148795400964, 0.7981125671769282, 0.7612838113561524, 0.6417222996257754, 0.9503380748273554, 0.7229414993127714, 0.8244461368174625, 0.6801295074836153, 0.6730629876167633, 0.9022169648388042, 0.7094608435307059, 0.7932559337682952, 0.7593977060637145, 0.6701701797998234, 0.7406019915058792, 0.7373123098708758, 0.6630434235926822, 0.7994433177608052, 0.8338212320644984, 0.6088609829737908, 0.8638484511735408, 0.7394993439217876, 0.8328425954771967, 0.6317158164184176, 0.7213929570835316, 0.7707337492183708, 0.7954168067385502, 0.6487113971229126, 0.6698441340727224, 0.5748313365052701, 0.8384227837265175, 0.5709831477506878, 0.8889305311519524, 0.7770071798382281, 0.588524852989572, 0.8650513735888572, 1.0, 0.8518799603720695, 0.9466806365048854, 0.7551803347711167, 0.7935418483394675, 0.8828942648641813, 0.7431401917268994, 0.7615648153054068, 0.8671047222960224, 0.6622963459399223, 0.7524266302720009, 0.7519866304940876, 0.5572133912831444, 0.7449778363412481, 0.5872737266218878, 0.6618981404118953, 0.795393169953299, 0.7633293943110064, 0.8302230027740981, 0.7474445444260795, 0.46226099326763537, 0.7096999634897004, 0.8733518532812732, 0.7931719899374956, 0.7021491797603086, 0.7799446930158781, 0.5882949882718753, 0.6738831553833582, 0.9499218669395237, 0.646169992166656, 0.7476633000871195, 0.916286490068155, 0.7860147252243266, 0.7285333529700224, 0.5550313650100757, 0.8156699660364091, 0.8369035751747786, 0.5965997496005002, 0.7240411826797486, 0.9006814848780614, 0.7944459632294023, 0.5661922912976155, 0.7354502536041838, 0.5615949005147196, 0.823037368668762, 0.9028268497702688, 0.6137131909558766, 0.8520124857498951, 0.7851892713755766, 0.9008525654371345, 0.7629968725132933, 0.9353500699134485, 
##0.9061845406644308, 0.7506720104830048, 0.7879628215625303, 0.7905753494057097, 0.7665302412999624, 0.7881840015757916, 0.41333975648425414, 0.8233308081005383, 0.7508315323296164, 0.4665292890423761, 0.9020598067313439, 0.8518799603720695, 1.0, 0.8012521717798662, 0.9421838265447037, 0.8604740061052831, 0.8260796360619139, 0.7190204454159642, 0.676063757191539, 0.84245647668728, 0.8009213005460579, 0.8216005363423107, 0.7995444214225416, 0.7377513461260493, 0.5913245887213099, 0.7397307414397607, 0.7550108258693745, 0.791165130842014, 0.7203178216087289, 0.8529251223944767, 0.6910482506758422, 0.6170344066219537, 0.7659856003618852, 0.9151703013575071, 0.7856574362285329, 0.7981799396908157, 0.8016944142004881, 0.6895783420021113, 0.7818837380332408, 0.7697977524317938, 0.7056874833952224, 0.7033560352143575, 0.918043314872557, 0.7443911485298269, 0.9063407877920128, 0.7382163219929261, 0.7443256907320108, 0.9160817341438776, 0.6482102441203613, 0.8313664697878876, 0.8186309907476691, 0.6998565593722825, 0.7535621928582393, 0.7584391115247139, 0.663909311382711, 0.7541255637916211, 0.8224792874956799, 0.7114040260733866, 0.7821575393257486, 0.8319560123904185, 0.8702192212502871, 0.630953912652031, 0.7783107488561652, 0.8186611300903204, 0.7991273300358637, 0.6749795721891891, 0.662516100678006, 0.5345341795514724, 0.8277583782676377, 0.6289767668090264, 0.8993950278023962, 0.7504840597456477, 0.6485422518451534, 0.7938360734262825, 0.9466806365048854, 0.8012521717798662, 1.0, 0.7358627768368078, 0.7327274325560045, 0.901396513882506, 0.6997834162216925, 0.7602700626439471, 0.857724401374526, 0.6436221041611478, 0.7061248404156976, 0.7031833175253583, 0.5300162339896954, 0.7360639719623872, 0.5295278485199704, 0.6324674370043328, 0.8154017199646918, 0.7661079576223089, 0.7742566032209413, 0.6949647490102376, 0.39149413907642283, 0.6582054105907298, 0.8184019877077552, 0.7391055428494728, 0.6250740681088971, 0.7717635209426588, 0.5377017984544166, 0.6202839605353145, 0.9195248399102733, 0.5925136519264758, 0.7508537491515173, 0.8657114409604786, 0.7641395657010532, 0.7119474257732477, 0.5041873879264935, 0.7795381262479419, 0.7857078840966513, 0.5214143355862171, 0.7167348678248299, 0.9020896433511939, 0.78236144912157, 0.530691461065283, 0.6498564313400119, 0.5008853636849444, 0.8564314118056466, 0.8677931258891517, 0.5619041772877087, 0.8757568792803476, 0.7375566706006329, 0.9158550511987927, 0.8139809123861784, 0.8641636126274971, 0.9096555300200037, 0.720511641431915, 0.7683157880979026, 0.8512224843236664, 0.7738456846214936, 0.7128032472661837, 0.3177982787577701, 0.7887182528589496, 0.7031317525775793, 0.36682128847326456, 0.8786137292732992, 0.7551803347711167, 0.9421838265447037, 0.7358627768368078, 1.0, 0.7828201314950645, 0.7594149445223881, 0.6491087958267984, 0.5705497416362424, 0.7644146771338778, 0.777179786864697, 0.9162804368710707, 0.8497304363289491, 0.8087463006654394, 0.5131228606269679, 0.7722994276897561, 0.7871386664489846, 0.7573201959024729, 0.6063549527483341, 0.7345860490445373, 0.6165338292474367, 0.6694538682584621, 0.7501488459330448, 0.8769455502099768, 0.8249450962361742, 0.8835012357835315, 0.7354116710811545, 0.731396177795397, 0.751278215088969, 0.7373606860651707, 0.7842088158608145, 0.6877806038522744, 0.8962167702088668, 0.7264237104730956, 0.8365069810116403, 0.7918505078096111, 0.7224537653229036, 0.9188410805122594, 0.738998288460559, 0.842170778104455, 0.7277694238162662, 0.7034192510921116, 0.7610182684286133, 0.6918582922785161, 0.7496113244750293, 0.6994645858952326, 0.8100298114112143, 0.6982500827111856, 0.8095264751186779, 0.8344282842408739, 0.7866052037570612, 0.5220508308865837, 0.7397908176800989, 0.772935519175426, 0.7156080093336825, 0.5650189565918824, 0.5515324488634534, 0.6393653151621288, 0.7522227350012718, 0.4814444980863922, 0.6867894861095163, 0.7144581257278252, 0.5318919131438189, 0.7920892581120321, 0.7935418483394675, 0.8604740061052831, 0.7327274325560045, 0.7828201314950645, 1.0, 0.6816394421269742, 0.7846504091476239, 0.7126979436593632, 0.8714483849290044, 0.615257605167058, 0.7741501693773187, 0.6918191323312236, 0.5998651206697481, 0.708424249470379, 0.6518445732431324, 0.6197544901954075, 0.5599328133649694, 0.780497308761827, 0.843359902141658, 0.735978834845865, 0.5176685794755853, 0.7604946016883329, 0.8696447865420729, 0.9141536670916164, 0.7309295218046925, 0.8949541000828729, 0.5837529386441597, 0.7595019198505714, 0.826552261557832, 0.6199032833276611, 0.8397301286326769, 0.8120434062974469, 0.8780243650591673, 0.7992528793381886, 0.636372877560354, 0.8785405091575025, 0.7601321549389111, 0.5767290134957943, 0.714025828660408, 0.8865385406043073, 0.7926060483201677, 0.582074151359462, 0.73361972845796, 0.5806361545024878, 0.6207688028936069, 0.8896207582817215, 0.6680424157863074, 0.6795292047347363, 0.8947566829434724, 0.8387763364065332, 0.6788324462976894, 0.8970233241989087, 0.7898941581183675, 0.6228360520860765, 0.7186214987468547, 0.6878703458052493, 0.573424137678036, 0.7332681305638846, 0.5373460476867168, 0.9528821372989378, 0.667114621380646, 0.5632511056823801, 0.8735204737705948, 0.8828942648641813, 0.8260796360619139, 0.901396513882506, 0.7594149445223881, 0.6816394421269742, 1.0, 0.6087916710459156, 0.6460928149441616, 0.7430328452975464, 0.6741409559929749, 0.754142400193889, 0.7656340642992476, 0.541030018839074, 0.7293001942111242, 0.5597669084783172, 0.6786902905539837, 0.8509388034794166, 0.6968760047797617, 0.7158617740797177, 0.6030176391291022, 0.4641036773112278, 0.5836336794860147, 0.7403931876900598, 0.6487450846405183, 0.7038614191600019, 0.7039741224966162, 0.5842161709940559, 0.5570610394586336, 0.8746322916121605, 0.6296499405312517, 0.657151657077501, 0.894318331429535, 0.6914624556994291, 0.6697996942622928, 0.567089097398745, 0.7115424581478232, 0.8185395506840237, 0.584301923506934, 0.7339060051022455, 0.8292156799284882, 0.7357372000115374, 0.5825368359066971, 0.6050500523643194, 0.5454115280706492, 0.9388738908522745, 0.7758849359727014, 0.5084211328468435, 0.9089066036544176, 0.6458669310354459, 0.8075854191868244, 0.7464632757598826, 0.851915169003489, 0.8236473171925827, 0.7888689843479646, 0.6609813861489993, 0.732785325835933, 0.5825607576507271, 0.8238674519705875, 0.587486076663836, 0.6050243636601715, 0.7472150541451699, 0.621361937014719, 0.673754682933867, 0.7431401917268994, 0.7190204454159642, 0.6997834162216925, 0.6491087958267984, 0.7846504091476239, 0.6087916710459156, 1.0, 0.8352156110928647, 0.8409753498540722, 0.6805446756394669, 0.5386848105400777, 0.6662372851110883, 0.574821331240613, 0.7207220444085611, 0.6047891313665708, 0.5941781717068555, 0.6516963731553179, 0.8791637612487226, 0.8732602914107273, 0.9406330397671482, 0.44407907150402826, 0.6562931688672353, 0.7400906325436, 0.7425036310280311, 0.5682988585515936, 0.7832299526693376, 0.5578656340850991, 0.6959763718765845, 0.7372578507691517, 0.6535134222587988, 0.8481923715741326, 0.6668370928204452, 0.7859985085431459, 0.7912160877452381, 0.5574927824810266, 0.8054628747027275, 0.7475402317299813, 0.5982727993235442, 0.5549664631707877, 0.7798666157840701, 0.7471304662010794, 0.5633269145127603, 0.7638733603521468, 0.5827706408574613, 0.5920931362493472, 0.7893587567406267, 0.5920772762860032, 0.6253129618572946, 0.7069380806253911, 0.7892803535345443, 0.8011724263617467, 0.7583228375339952, 0.7085759549714767, 0.6806861919572632, 0.9069459691352874, 0.8394928841730102, 0.4499395491712258, 0.8222378634771708, 0.7659845956019653, 0.6628843105875488, 0.6748185936114414, 0.8420197348371471, 0.6762027851211694, 0.7615648153054068, 0.676063757191539, 0.7602700626439471, 0.5705497416362424, 0.7126979436593632, 0.6460928149441616, 0.8352156110928647, 1.0, 0.7632988409282958, 0.6010539904063636, 0.4596905668682366, 0.612337707921851, 0.42580336677956476, 0.83479358148335, 0.4671397964587547, 0.5255737378496325, 0.6596217332223896, 0.8036653172937849, 0.754572849839174, 0.720389087117959, 0.311203101567439, 0.4821559777564678, 0.7002240420214942, 0.6153747230768299, 0.5146558950754149, 0.733687665755925, 0.4498337900241389, 0.5630583826075714, 0.7716691956506243, 0.4540395874302181, 0.7148731012611464, 0.6182301504817719, 0.6978388951483645, 0.6156317228990222, 0.41618568007839063, 0.7892032222867236, 0.6118582002684871, 0.393662307739031, 0.47764550944914996, 0.716531410715028, 0.6827283979045289, 0.43379940093675406, 0.6521430918494137, 0.41053296485699264, 0.6534302047658553, 0.6844352829584706, 0.4581705860231401, 0.6610415415836479, 0.5907253712826117, 0.6612550697830759, 0.8153733618086195, 0.7370688491091932, 0.6693632158672256, 0.5998957724177693, 0.8813009115293425, 0.8658566424808595, 0.5761147465259226, 0.8473668555041924, 0.5572023463517535, 0.7575236016541826, 0.7448582167317744, 0.6191322828120402, 0.7947067717021868, 0.8671047222960224, 0.84245647668728, 0.857724401374526, 0.7644146771338778, 0.8714483849290044, 0.7430328452975464, 0.8409753498540722, 0.7632988409282958, 1.0, 0.6988904765355228, 0.6808314936159559, 0.6708823056329338, 0.5613033556352387, 0.7561732370720514, 0.5847591747797526, 0.6384400637649602, 0.6666096019173002, 0.8426425014877919, 0.8977260871052195, 0.7921190968770961, 0.4454978386759798, 0.6830158820961859, 0.8787632282841895, 0.8128482043241323, 0.6463851290129016, 0.8764595891500624, 0.5781970267580163, 0.7287232102502345, 0.8959535454165367, 0.5502448966073059, 0.8046870787136267, 0.8078602616934885, 0.7999761927667974, 0.7547658196876084, 0.5679735564692534, 0.8978929223332198, 0.789691148085874, 0.4933991780078226, 0.6741073918393263, 0.8827977936226556, 0.7954928037907432, 0.563606900566226, 0.7468056036198158, 0.5146848749805868, 0.7100965085303452, 0.8465815479415716, 0.625858853204271, 0.7374722660717787, 0.8132637681604337, 0.8777437103331331, 0.7638037462803235, 
#0.8664713260550004, 0.8285950388660945, 0.6703621023684974, 0.8129759073097003, 0.7765924494020151, 0.8500506921515197, 0.6991616027487666, 0.2940138528534687, 0.7505914111101062, 0.8768651060225306, 0.293998315736675, 0.7991189120573633, 0.6622963459399223, 0.8009213005460579, 0.6436221041611478, 0.777179786864697, 0.615257605167058, 0.6741409559929749, 0.6805446756394669, 0.6010539904063636, 0.6988904765355228, 1.0, 0.7917808791555845, 0.955897304980851, 0.7827548374202915, 0.38759982695550554, 0.7864551683938658, 0.9856582776136025, 0.790795218622796, 0.47638217431291896, 0.7456282895885125, 0.7578497778330899, 0.6745740935254554, 0.7917575764106678, 0.7568660684921971, 0.6345565820591906, 0.7961448979901034, 0.5806779652351716, 0.9026299451216974, 0.7149856213372332, 0.6589415243074673, 0.8513199764704549, 0.5149724081334537, 0.8211457114756817, 0.5799883418367464, 0.7026665282599193, 0.79034220606079, 0.557994613208032, 0.9134342521605792, 0.8086298621221988, 0.6294882060265328, 0.6557226912733177, 0.4633534723890911, 0.8556917625366335, 0.7941042689476011, 0.8015036474346329, 0.678787982733946, 0.6972528431796015, 0.7188799245838885, 0.7681657970885549, 0.6478842949945839, 0.7218924449421735, 0.4384638258470617, 0.5950138601348265, 0.6413293777568047, 0.8685019894224107, 0.5269386813917183, 0.4928861232883448, 0.7919593931918643, 0.6599742699857667, 0.31667711882471516, 0.8001607781077684, 0.5791054410733856, 0.34740969622926177, 0.8446255077963365, 0.7524266302720009, 0.8216005363423107, 0.7061248404156976, 0.9162804368710707, 0.7741501693773187, 0.754142400193889, 0.5386848105400777, 0.4596905668682366, 0.6808314936159559, 0.7917808791555845, 1.0, 0.7265976281384525, 0.8709836878402855, 0.48299462028137286, 0.7495110392139829, 0.8204483877081078, 0.7217989140091188, 0.6182295226703476, 0.6700341195158425, 0.4736816161641296, 0.6622865758165475, 0.6531824420561357, 0.8104522098779791, 0.7624306919367108, 0.9267106430638664, 0.6637381179250013, 0.7673032860054861, 0.716779006224158, 0.6842859986669372, 0.6310667202006449, 0.5810620004181555, 0.8152535022616954, 0.6911354204825759, 0.8326445616512406, 0.8134709363342559, 0.6390227088158142, 0.8390516387482746, 0.66585677417064, 0.7920859467643517, 0.6503952494786727, 0.6537527055833374, 0.8799183089859789, 0.6169938497991099, 0.7168090164349799, 0.7634171214261405, 0.7504985537052555, 0.6656435286296342, 0.7799075689580989, 0.7033005686525192, 0.7631465625033572, 0.5187056919177285, 0.659570009368086, 0.7245136870798383, 0.6504343429023397, 0.5383372191835407, 0.5562134329284507, 0.8634452629702938, 0.7764572440841186, 0.3460173841712314, 0.7827630515306334, 0.8558556098581277, 0.3918888218543868, 0.8604822300657674, 0.7519866304940876, 0.7995444214225416, 0.7031833175253583, 0.8497304363289491, 0.6918191323312236, 0.7656340642992476, 0.6662372851110883, 0.612337707921851, 0.6708823056329338, 0.955897304980851, 0.7265976281384525, 1.0, 0.7858414748246583, 0.46298313239102795, 0.8293310151956762, 0.9314874494200869, 0.8642083483972137, 0.5561215411978973, 0.7748261993813198, 0.75576321431417, 0.6985296804905192, 0.7576403442286126, 0.7884135303470845, 0.6654362834459431, 0.7379768737351522, 0.5919469843904772, 0.8144789343314942, 0.8037774238576285, 0.6605639664212406, 0.8650119759551737, 0.5124319205113266, 0.8143158989030927, 0.6175908034562048, 0.8156609283356386, 0.804811002003443, 0.5563589777947815, 0.8405115182719178, 0.8020018898810778, 0.7075695483177469, 0.6056505770197607, 0.5447262335326963, 0.8748262279807809, 0.8530082331097892, 0.8050741217361715, 0.7058684546216992, 0.730297034305412, 0.7332786747755868, 0.7652919616955611, 0.650361411759666, 0.7049236122130783, 0.5436546373984747, 0.5676458280395777, 0.6729971050994484, 0.901605885588305, 0.5791174260157762, 0.6112388919455704, 0.8328956679330791, 0.575870316368079, 0.130190031337155, 0.6033880303014316, 0.6532126085128951, 0.16564801746913027, 0.6794404141744144, 0.5572133912831444, 0.7377513461260493, 0.5300162339896954, 0.8087463006654394, 0.5998651206697481, 0.541030018839074, 0.574821331240613, 0.42580336677956476, 0.5613033556352387, 0.7827548374202915, 0.8709836878402855, 0.7858414748246583, 1.0, 0.2902806075457164, 0.791650065102584, 0.8102262150771181, 0.6538562715657039, 0.3982931934041385, 0.6303320881877142, 0.5687554427361783, 0.7277797762797418, 0.7596357621587884, 0.6853057658568782, 0.7151877183183817, 0.8950794650593134, 0.5522354136040042, 0.7757275480832958, 0.7482541375173833, 0.5224890567710914, 0.7671620691853329, 0.49101005769420014, 0.6834681018460036, 0.5154873183119559, 0.791287530260656, 0.8688225341347624, 0.5222062988591423, 0.8011199718734999, 0.8102425839442781, 0.667824256011075, 0.5257423776433252, 0.5183868992547305, 0.8671062298701684, 0.6334961045273491, 0.7975209063788319, 0.5744116306256384, 0.6162262703271049, 0.7150432504455106, 0.6422000786195488, 0.7278476752235227, 0.5811384258128075, 0.3160309669808946, 0.5291730918636127, 0.5753502745892078, 0.6448047013915774, 0.38559439245993576, 0.3689662516603043, 0.3234869882589423, 0.6907348644872466, 0.8389269091970498, 0.6766707824376845, 0.5297730736287425, 0.8165010353610509, 0.590543711179607, 0.7449778363412481, 0.5913245887213099, 0.7360639719623872, 0.5131228606269679, 0.708424249470379, 0.7293001942111242, 0.7207220444085611, 0.83479358148335, 0.7561732370720514, 0.38759982695550554, 0.48299462028137286, 0.46298313239102795, 0.2902806075457164, 1.0, 0.321878567588357, 0.3918578423666299, 0.5993932971613467, 0.8985883556168884, 0.6829293086204622, 0.6328985339004947, 0.1924834034940216, 0.44815960846200187, 0.6074665659950585, 0.5897085516849416, 0.42483285872639354, 0.7930576514024713, 0.3008560531922112, 0.41826720691254937, 0.787138229556874, 0.3625417621087924, 0.8115143864651302, 0.6713185238297082, 0.7920395603461874, 0.46067805840947595, 0.31709904809790856, 0.7970424640848166, 0.5489313698535262, 0.32083325430741805, 0.5714302354726237, 0.8636876068535377, 0.7371068677229522, 0.2943025168126959, 0.5038866479876085, 0.27829200738088056, 0.6507094683064669, 0.7079345473350052, 0.3353723858855915, 0.6250586064021448, 0.5768293524174707, 0.7188577463278643, 0.9471587354694486, 0.8415913921251961, 0.7391514848727708, 0.5286730686096015, 0.840285847385533, 0.7989196308291423, 0.9144309449673719, 0.6092373274462916, 0.16247479335808301, 0.5774511685496059, 0.7596809466080893, 0.22825137666268414, 0.6998690134611452, 0.5872737266218878, 0.7397307414397607, 0.5295278485199704, 0.7722994276897561, 0.6518445732431324, 0.5597669084783172, 0.6047891313665708, 0.4671397964587547, 0.5847591747797526, 0.7864551683938658, 0.7495110392139829, 0.8293310151956762, 0.791650065102584, 0.321878567588357, 1.0, 0.7962729240650892, 0.6478504578537543, 0.43755698418455635, 0.6505470768381563, 0.6775866283886045, 0.8391930835640954, 0.906051314064632, 0.7039558522831304, 0.70677034831551, 0.7231752066803404, 0.5224974887660344, 0.7917935298854356, 0.8386064907270099, 0.5357817076330904, 0.9147156251651621, 0.4835739062090949, 0.693228170937286, 0.5233811491895843, 0.8246628077634831, 0.8290624951100782, 0.48522741214269505, 0.7384033213578989, 0.8985417272042944, 0.6590993198542039, 0.542093465012519, 0.4991331612996479, 0.9008645120096953, 0.8152252049634229, 0.8986354327399424, 0.5025233324769782, 0.6203457048849129, 0.8603278928961712, 0.6102273392753295, 0.7017261536902669, 0.591623983746699, 0.3519072439334039, 0.5183651940748284, 0.5689434394632145, 0.7709951004285435, 0.42564178488931614, 0.3903364791908993, 0.8519428358300074, 0.7056134519412671, 0.22147856775937924, 0.7112362765829974, 0.8080109798350215, 0.27747484684500634, 0.8043067267878675, 0.6618981404118953, 0.7550108258693745, 0.6324674370043328, 0.7871386664489846, 0.6197544901954075, 0.6786902905539837, 0.5941781717068555, 0.5255737378496325, 0.6384400637649602, 0.9856582776136025, 0.8204483877081078, 0.9314874494200869, 0.8102262150771181, 0.3918578423666299, 0.7962729240650892, 1.0, 0.7571588817378085, 0.45541638290811937, 0.6869071702326732, 0.6762562186433863, 0.6943441228350731, 0.7550135307854945, 0.7206774215806002, 0.6044238026682909, 0.8388600111008404, 0.49011579630367275, 0.9123282748430963, 0.748909344445295, 0.5990087148996058, 0.8383690153838486, 0.4733586478354731, 0.7640073531047985, 0.5506027432125917, 0.7379168475508946, 0.8134662225796087, 0.5098404822167591, 0.8082223586736538, 0.7914904492462411, 0.6150977634883692, 0.5662133289498262, 0.46707414401682146, 0.9319812659396648, 0.7955173538470462, 0.7953678611251512, 0.7005359856017138, 0.6735470626040864, 0.7021064958625147, 0.7379490075753676, 0.6003043858550727, 0.6487546735037091, 0.4427413720323887, 0.5322766928475162, 0.5829081216683607, 0.8430396931964725, 0.4701164231791397, 0.4833716750042393, 0.6334231391292047, 0.8337999446752953, 0.4888375738937457, 0.8532984025763255, 0.7406048498250254, 0.5328669931561938, 0.8222509563481128, 0.795393169953299, 0.791165130842014, 0.8154017199646918, 0.7573201959024729, 0.5599328133649694, 0.8509388034794166, 0.6516963731553179, 0.6596217332223896, 0.6666096019173002, 0.790795218622796, 0.7217989140091188, 0.8642083483972137, 0.6538562715657039, 0.5993932971613467, 0.6478504578537543, 0.7571588817378085, 1.0, 0.5522656744393035, 0.7011206983472473, 0.6384119713637288, 0.5142897478516548, 0.6034850429305934, 0.7223914582917135, 0.602278831177482, 0.7460075629666532, 0.5433490264884677, 0.6619413616863588, 0.5968618675101331, 0.7698641208773429, 0.7349495886587676, 0.5163183095345171, 0.8172899141350234, 0.5675525405100088, 0.700013367163633, 0.6311202713894561, 0.5912262745645194, 0.8533330462523392, 0.6748449255597773, 0.6194530420988027, 0.6616799122715216, 0.6811305409360939, 0.6613377725479777, 0.653066336015609, 0.6373932093764756, 0.8408811485861796, 0.6900417183314276, 0.549892269241858, 0.8435060538249798, 
